rooms,area,floors,location,nearbySubway,price
9,152.0,28,雨花,0,13684
8,157.0,11,雨花,0,11210
9,91.0,7,雨花,0,8571
5,90.0,30,雨花,0,10200
7,108.0,32,星沙,0,9074
3,40.0,20,星沙,0,6000
5,94.0,33,星沙,0,7000
6,91.0,22,长沙周边,0,6791
7,126.0,15,岳麓,0,10793
7,122.7,32,岳麓,1,13528
8,138.0,32,岳麓,0,10144
6,88.0,9,天心,0,6590
8,142.0,34,岳麓,0,13028
6,90.5,33,岳麓,1,6464
7,141.0,33,开福,1,12127
11,302.0,56,天心,1,18807
8,110.0,33,星沙,0,9818
3,30.0,31,雨花,0,7000
7,114.0,15,天心,1,10877
6,90.0,33,星沙,0,8333
10,195.0,21,雨花,0,8205
6,92,30,岳麓,0,14130
11,201.0,3,天心,1,13930
8,152.0,11,芙蓉,0,11105
8,146.0,48,开福,1,18150
7,142.0,11,天心,1,10140
10,200.0,3,长沙周边,0,6750
6,89.0,32,雨花,0,12674
7,134.0,28,雨花,0,10261
7,140.0,30,天心,1,13428
5,88,6,星沙,0,4886
14,340.0,3,开福,0,12882
7,125.0,15,天心,1,11840
7,176.0,8,雨花,0,6988
8,200.0,5,望城,0,7000
6,89.0,32,岳麓,0,11011
5,80.0,30,岳麓,0,12325
7,89.0,31,天心,1,11011
7,97,26,岳麓,0,11134
7,137.0,12,天心,1,10218
5,80.0,33,星沙,0,7975
3,41.0,26,岳麓,0,9512
6,105.0,6,雨花,1,7142
6,166.0,22,天心,1,10000
7,123.0,18,雨花,0,10162
7,130.0,18,雨花,0,9615
5,93.0,19,雨花,0,11397
8,156.0,32,星沙,0,7307
7,117.0,28,岳麓,1,10940
6,95.0,33,开福,1,10421
6,93.0,30,雨花,0,10215
6,92.0,28,开福,1,10869
5,99.0,18,雨花,0,8888
11,308.0,10,雨花,0,8603
5,86.0,32,雨花,0,12790
7,118.0,19,长沙周边,0,7525
7,126.0,18,雨花,1,10317
7,127.0,6,长沙周边,0,5118
6,98.4,33,星沙,0,9024
6,101.0,6,星沙,0,4405
7,139.0,33,开福,1,11438
6,83.0,33,雨花,0,12289
10,447.0,3,岳麓,0,12706
4,71.0,28,开福,1,12394
3,32.0,30,开福,0,10625
7,128.0,31,天心,1,10937
7,135.47,33,开福,1,12548
3,38,29,望城,0,6578
11,260.0,44,开福,1,17307
4,83.0,7,雨花,0,8433
5,77.0,18,雨花,1,10649
7,136,33,星沙,0,8455
7,130.0,15,天心,1,9676
6,92.0,7,雨花,0,8586
5,95.0,7,雨花,0,7978
7,117.0,28,长沙周边,0,5897
11,225.0,6,岳麓,0,23022
7,127.0,18,雨花,0,10000
7,138.0,18,雨花,1,11144
3,39.0,15,开福,1,7948
7,124.0,33,芙蓉,0,11290
10,218,3,岳麓,0,9541
7,106.0,33,岳麓,1,14905
5,75.0,25,芙蓉,1,11000
7,122.0,14,星沙,0,7540
8,145,16,天心,0,8675
4,65.0,7,天心,1,9846
6,95.0,11,岳麓,0,12105
6,84.0,33,星沙,0,8928
7,126.0,25,长沙周边,0,7619
7,127.0,6,芙蓉,0,7480
6,89.0,19,天心,1,12359
5,89.0,6,星沙,0,4606
7,119.0,17,天心,0,7042
7,90.0,33,雨花,0,10111
5,83.0,14,雨花,0,9397
5,84.0,17,岳麓,0,9380
7,132.0,18,岳麓,0,10984
5,88.0,17,岳麓,1,9659
6,95.0,33,岳麓,0,12421
15,335.0,4,岳麓,0,7611
6,91.0,19,天心,0,8109
7,125.0,18,芙蓉,0,8800
7,125.0,6,雨花,1,10000
7,143.0,33,岳麓,1,10629
7,117.0,7,雨花,0,8803
8,111.0,33,雨花,0,14234
7,131,18,天心,1,13740
8,173.0,31,开福,0,9248
8,167.0,17,雨花,1,10179
5,93.0,11,开福,0,11290
7,128.0,34,岳麓,0,8203
6,94.0,6,雨花,0,9042
8,152.0,11,芙蓉,0,10921
6,90.0,8,开福,0,9222
7,129.0,30,雨花,1,11317
5,68.0,7,雨花,1,8647
8,167.0,28,开福,0,8862
7,133.0,18,雨花,1,12781
5,87.2,33,芙蓉,0,11467
9,180.0,8,芙蓉,1,7888
6,88.0,6,星沙,0,8636
6,89.0,30,岳麓,0,13483
7,134.0,26,雨花,1,11253
10,447.0,3,岳麓,0,15212
7,130.55,6,星沙,0,10570
7,110.0,6,星沙,0,8363
5,82.0,6,雨花,0,9756
12,317.0,4,雨花,1,12618
7,100.0,31,雨花,0,11800
7,121.0,16,雨花,1,9752
5,86.0,6,天心,0,4976
6,87.86,28,星沙,0,8285
7,210.0,1,雨花,1,18095
5,79.0,9,天心,0,6455
7,97.0,26,岳麓,0,11134
3,48.0,15,开福,1,8750
7,139.0,33,雨花,1,12589
7,133.91,26,雨花,1,11052
6,88,33,雨花,1,14545
7,120.0,18,岳麓,0,10833
7,120.0,33,雨花,0,12500
7,91,11,岳麓,0,12637
3,41.43,15,岳麓,1,12309
6,91.0,7,雨花,0,6791
5,71.0,7,雨花,0,7464
6,90.0,33,星沙,0,8200
6,90.0,30,雨花,0,11666
8,133.0,35,岳麓,1,11954
6,89.0,11,星沙,0,8876
8,142.0,33,开福,1,12323
7,117.0,28,开福,1,12393
8,210.0,33,开福,1,18952
7,130.0,31,雨花,1,13461
5,79.0,9,天心,0,6329
5,92.0,18,星沙,0,7173
3,38.0,20,开福,1,10526
7,91.0,16,雨花,0,10439
13,535.0,1,长沙周边,0,7476
3,51.0,26,望城,0,7450
5,90.0,30,雨花,1,11111
3,64.0,29,雨花,1,10468
9,201.0,12,雨花,1,14179
6,89.42,18,天心,1,11742
8,133.0,11,开福,1,10075
6,89,31,星沙,0,8292
7,119.0,33,星沙,0,9915
8,154.0,4,雨花,0,11038
3,51.0,8,雨花,1,13725
5,95.0,6,雨花,0,7052
3,46.45,33,开福,0,11840
10,98.58,6,星沙,0,5680
5,60.0,28,星沙,0,9000
8,134.0,18,天心,0,6567
6,89.0,33,开福,1,10876
7,125.0,17,长沙周边,0,6384
9,200.0,4,望城,0,8350
5,84.0,5,芙蓉,0,6666
7,123.0,27,岳麓,0,9430
3,54.38,32,芙蓉,0,8642
10,260.0,39,开福,1,12307
3,54.0,28,雨花,0,8333
7,153.0,28,雨花,0,7843
7,136.0,33,岳麓,0,13970
12,300.0,3,望城,0,13933
9,256.0,4,岳麓,0,10937
8,165.0,33,长沙周边,0,5878
5,88.0,26,雨花,0,11363
6,83,18,雨花,0,12289
8,144.0,11,雨花,0,9583
7,90.0,29,雨花,1,12222
7,127,16,天心,0,7165
6,87.0,6,天心,0,5402
7,125.0,9,开福,0,10400
6,105.0,7,雨花,1,9809
6,95.0,25,岳麓,1,9368
7,132.0,18,岳麓,1,7727
6,90.0,28,天心,0,10111
5,87.0,18,开福,1,12643
7,123.0,7,芙蓉,1,8780
6,91.0,6,雨花,0,7472
6,113.0,28,天心,0,10442
7,125.0,31,星沙,0,8560
7,99.0,17,星沙,0,9373
8,140.0,6,开福,1,11428
5,67.0,7,雨花,1,10000
5,102.0,18,岳麓,1,8039
5,89.0,33,开福,1,10112
7,110.1,18,岳麓,0,8210
8,143.0,32,开福,0,13636
3,46.0,31,天心,1,11739
7,141.0,28,长沙周边,0,4822
8,201.0,11,雨花,1,14427
6,85.0,33,芙蓉,1,12705
7,105.0,6,雨花,0,8266
6,89.0,30,岳麓,0,10786
7,116.0,17,雨花,0,12827
7,134.0,15,天心,1,10149
3,32.0,34,岳麓,0,10000
5,90.0,18,岳麓,0,15555
7,110.0,32,雨花,1,12909
3,38.75,16,雨花,0,10012
5,70.0,28,岳麓,1,12000
8,163,6,雨花,0,7730
8,130.0,32,天心,1,11907
8,144.0,11,雨花,0,9916
5,95.0,11,岳麓,0,8947
10,296.0,46,开福,1,19256
7,137.0,11,雨花,1,11313
7,137.0,17,长沙周边,0,6043
3,43.26,30,岳麓,1,10402
5,100.0,8,开福,0,7680
7,138.0,11,雨花,1,11304
5,90.0,30,天心,1,12777
8,166.0,21,雨花,1,7530
5,90.0,17,岳麓,0,13333
5,58.0,6,雨花,0,8275
3,38.27,30,望城,0,6793
5,62.0,6,雨花,0,8064
7,117.0,18,雨花,0,8547
8,203.0,7,雨花,0,7142
6,90.0,28,岳麓,1,8888
7,135.0,32,雨花,1,14814
7,133.06,13,雨花,1,9770
5,96.0,19,开福,0,11041
6,91.0,9,天心,0,7582
6,90.34,9,天心,0,7527
7,122.0,31,开福,0,10819
7,112.0,32,长沙周边,0,7839
5,96.0,18,开福,0,11666
3,41.0,29,开福,1,13292
6,90.0,7,雨花,0,6888
8,166.0,7,望城,0,4024
7,128,28,岳麓,1,9687
8,146.0,6,天心,1,7671
7,115.0,6,雨花,0,8347
5,81,26,长沙周边,0,9481
6,92.0,45,岳麓,1,14673
8,167.0,16,长沙周边,0,5497
7,128.0,17,雨花,0,10156
5,94.0,45,开福,1,16489
8,153.0,7,开福,1,6457
5,84.0,33,开福,1,9642
13,252.0,8,开福,0,7539
8,156.0,33,开福,1,10384
8,152.0,12,芙蓉,0,11052
7,95.0,33,雨花,0,12421
5,110.0,30,开福,0,10727
5,90.0,29,雨花,0,8888
5,90.0,20,雨花,1,10311
7,131.0,30,雨花,1,12213
7,117.0,33,岳麓,0,17521
5,92.0,22,岳麓,0,14673
6,100.0,16,开福,1,10500
7,89.0,32,雨花,0,12359
7,101.0,17,长沙周边,0,6811
7,132.0,13,长沙周边,0,5515
8,158.0,18,雨花,1,11075
7,146.0,12,芙蓉,0,12054
5,93.0,7,雨花,0,7827
8,118.0,7,雨花,0,7627
3,50.0,22,芙蓉,0,13800
5,94.0,12,岳麓,0,10957
6,99.0,33,雨花,1,11919
7,112.0,32,岳麓,0,11160
4,50.0,8,雨花,0,8760
5,47.0,7,雨花,0,9319
4,70.0,15,天心,1,10714
5,65.0,7,天心,1,9661
4,64.3,8,雨花,1,6687
4,50.5,33,雨花,0,13069
7,86.0,6,雨花,1,11511
6,78.0,8,雨花,1,13076
8,133.47,7,雨花,1,6653
5,86.0,7,雨花,0,6511
4,51.6,32,岳麓,0,15503
7,166.0,33,开福,1,13855
5,86.0,32,星沙,0,6976
5,75.0,30,芙蓉,1,10400
3,49.0,30,雨花,0,9755
6,74.0,6,星沙,0,8918
7,145.0,18,天心,0,11717
5,88.0,26,雨花,0,10227
6,90.0,32,雨花,1,12333
5,91.0,18,长沙周边,0,7142
8,157.26,9,雨花,1,8648
7,118.41,18,星沙,0,8951
7,127,18,岳麓,0,10535
5,89.0,24,雨花,1,10000
6,96.0,33,岳麓,0,10416
5,72.0,22,长沙周边,0,4972
6,119.0,16,长沙周边,0,6201
7,107.0,33,芙蓉,1,11214
6,89.0,32,雨花,0,9550
5,72.0,30,芙蓉,1,9305
5,88.0,28,开福,0,13295
7,133.0,31,星沙,0,7067
8,156,32,星沙,0,9794
5,77.0,7,星沙,0,5688
6,140,15,雨花,1,13214
7,129.0,18,雨花,0,10077
6,93.0,18,天心,0,5161
6,89,33,星沙,0,8179
7,135.0,32,开福,0,14814
7,125.0,7,雨花,0,7984
7,119.75,16,天心,1,10688
10,177.0,4,雨花,0,7062
7,117.0,18,星沙,0,11111
7,128.0,18,开福,0,10546
7,130.0,20,雨花,0,9230
6,83.0,33,雨花,0,12650
3,46.0,18,雨花,0,7608
6,91,35,开福,0,8131
5,83.15,7,天心,1,9380
8,182.0,9,雨花,0,8131
7,126.0,18,雨花,1,11904
7,119.0,33,开福,1,11092
7,168.0,33,开福,1,11607
5,77.0,17,长沙周边,0,5688
6,89.0,32,雨花,0,11235
7,91.0,30,雨花,0,12307
5,89.0,11,开福,0,11573
7,116.3,18,星沙,0,8082
4,56.11,30,岳麓,0,11762
7,150,33,星沙,0,8666
7,137.0,11,雨花,1,10583
7,130.0,18,雨花,1,11076
5,89.0,26,雨花,0,11235
4,76.0,6,雨花,0,6052
7,128.0,24,星沙,0,6015
8,171.0,28,芙蓉,1,10643
5,86.0,15,天心,0,7674
6,103.0,32,星沙,0,9223
3,38.0,29,望城,0,7105
5,81.0,32,雨花,0,10864
7,133.0,33,开福,1,11804
5,77.44,32,芙蓉,0,9271
5,88,18,岳麓,1,11136
6,87.0,15,天心,0,13218
7,124.0,15,雨花,0,9838
7,110.0,18,雨花,0,10181
8,151.0,23,雨花,1,11854
7,128.0,18,岳麓,1,11328
7,128.0,12,芙蓉,1,10156
7,119.0,31,芙蓉,1,10084
10,332.0,3,雨花,1,18945
7,99,18,星沙,0,9373
7,88.0,33,雨花,0,13409
7,122.04,6,岳麓,0,9570
7,125.0,18,雨花,0,12400
3,35.0,25,天心,1,10857
8,180.0,28,天心,1,9333
5,88.0,6,雨花,0,7500
7,160.0,18,雨花,1,12500
6,97.0,7,开福,1,10206
8,161.0,16,岳麓,0,12111
7,90.0,21,雨花,1,12000
5,82.0,6,星沙,0,9146
7,123.0,21,岳麓,1,9495
6,91.0,33,雨花,1,12967
7,156.0,33,雨花,1,11410
5,91.0,18,天心,0,6373
5,70.0,7,芙蓉,0,7685
11,425.0,1,天心,0,13411
6,113.0,17,雨花,0,9380
7,128.0,18,开福,1,10000
5,71.5,6,开福,1,9510
5,86.0,28,天心,1,10697
10,270.0,3,岳麓,0,12592
5,85.0,30,雨花,0,10352
6,120.0,7,芙蓉,1,8166
3,49,26,岳麓,0,7755
8,145.0,17,雨花,0,8689
4,58.0,32,星沙,0,7241
7,142.0,32,岳麓,0,6690
12,334.0,4,岳麓,0,7634
7,100.0,7,开福,1,12800
16,540.0,5,岳麓,0,16666
6,94,33,岳麓,0,10638
5,90,7,芙蓉,1,7000
7,138,18,雨花,1,12681
7,118.0,18,长沙周边,0,7525
8,163.0,18,雨花,1,9509
6,94.0,11,开福,0,11170
7,120.0,12,天心,1,11333
3,48.0,33,雨花,1,8125
7,130.0,13,雨花,0,9138
7,132.0,17,岳麓,1,8712
5,78.0,15,芙蓉,1,10897
12,410.0,3,雨花,0,10146
7,59.0,31,雨花,0,16949
7,100.0,18,星沙,0,8000
5,90.0,8,开福,1,8000
3,61.0,15,长沙周边,0,3901
5,80.0,18,星沙,0,8850
7,122.0,32,开福,1,12295
9,260.0,38,开福,1,11346
9,200.0,4,望城,0,8300
7,119.0,33,星沙,0,9075
5,85.0,20,雨花,1,11176
7,135.0,32,星沙,0,7185
3,39.0,29,望城,0,7692
11,330.0,4,雨花,1,15454
8,152.0,11,芙蓉,0,11052
5,95.0,33,开福,1,16842
6,77.0,33,星沙,0,9090
5,88.0,6,星沙,0,4659
8,182.0,6,望城,0,4120
8,136.0,28,开福,0,13970
3,51.0,29,望城,0,6862
9,313.0,3,长沙周边,0,8945
7,127.0,28,星沙,0,7480
6,91.0,6,芙蓉,1,9483
8,147.0,33,开福,1,11224
7,133.0,16,天心,1,10451
7,125.0,11,雨花,1,11984
7,130.0,32,开福,0,9076
8,136.0,32,开福,0,16029
7,142.0,33,岳麓,0,11619
3,30,4,望城,0,5333
7,98.0,18,星沙,0,7632
8,156.0,2,开福,1,10448
8,145.0,8,芙蓉,1,11448
5,80.0,33,星沙,0,7250
7,135.0,33,星沙,0,9777
10,238.0,4,望城,0,10714
8,172.0,3,雨花,0,8023
8,152.0,12,芙蓉,1,11052
7,132.0,20,岳麓,0,11515
3,40.0,15,岳麓,0,9375
4,62.7,7,芙蓉,1,8421
8,141.0,32,开福,1,12056
7,133.0,18,芙蓉,0,6541
7,138.0,11,雨花,1,11449
7,120.0,32,雨花,1,22500
7,141.0,32,开福,1,11843
7,140.0,27,芙蓉,0,10357
5,88.0,32,雨花,1,14204
8,154.0,18,岳麓,0,10389
7,123.0,17,开福,1,12601
7,131.0,30,岳麓,0,9007
7,133.0,28,星沙,0,7293
5,77.0,34,岳麓,0,6753
8,150.0,33,岳麓,0,16000
9,260.0,33,开福,1,13769
8,145.0,33,开福,1,9227
6,118.0,9,天心,0,7457
7,122.0,30,芙蓉,0,10409
7,119.0,33,星沙,0,10067
9,208.0,3,天心,0,16298
7,154.0,9,天心,1,9740
7,148.0,11,开福,0,8108
5,91.94,6,雨花,1,9332
5,92.0,18,星沙,0,7065
7,139.0,28,雨花,1,10791
7,118.0,30,雨花,0,9745
7,141.0,19,芙蓉,1,12624
7,124.0,30,开福,1,9032
7,119.0,16,天心,1,12773
7,110.0,33,星沙,0,8181
7,145.0,11,天心,1,11379
9,195.0,4,雨花,0,13076
6,92.0,17,雨花,0,9891
6,89.2,24,岳麓,0,11434
9,167.0,3,岳麓,0,11676
8,134.0,6,雨花,1,8656
7,112.0,18,雨花,1,11607
7,90,18,岳麓,0,14666
6,90.0,33,雨花,1,12444
5,94.0,26,星沙,0,8382
6,117.0,33,开福,0,10000
3,49.0,26,岳麓,0,7551
3,32.0,31,岳麓,0,10000
8,161.0,6,星沙,0,7950
7,105.0,18,雨花,0,7333
6,93.0,30,雨花,0,11827
8,150.0,26,雨花,0,12533
6,91.0,28,雨花,0,10417
7,117.0,30,雨花,0,9726
6,100.3,33,岳麓,0,11565
7,133.9,16,岳麓,1,11351
5,88.0,18,长沙周边,0,8295
8,152.0,23,开福,1,11381
5,83.2,18,岳麓,0,9375
7,128.0,30,雨花,0,10312
7,134.0,26,雨花,1,11044
7,139.0,28,雨花,0,12086
7,148.0,30,雨花,0,10810
5,82.28,32,芙蓉,1,10452
6,85.0,32,雨花,0,11176
7,118.0,33,雨花,0,9745
7,133.0,6,长沙周边,0,5172
8,144.0,30,岳麓,0,8888
5,70.28,29,开福,1,11098
3,47.0,29,开福,1,12723
3,36.88,32,开福,1,10032
5,79.0,31,星沙,0,7949
6,106.0,25,天心,1,9716
8,144.0,11,雨花,0,9652
6,140.0,32,开福,1,12000
5,114.0,30,雨花,0,10526
7,120.0,33,天心,1,12500
5,100.0,30,雨花,1,11000
6,114.0,30,雨花,0,10526
3,41.0,28,开福,1,13902
5,43.0,21,雨花,1,12790
6,90.5,33,岳麓,1,10000
6,90.5,33,岳麓,0,6464
4,57.0,21,雨花,1,15614
7,120.0,23,岳麓,0,14833
5,93.0,28,开福,1,9677
8,105.0,18,天心,1,12571
7,121.0,6,雨花,0,7851
12,289.0,1,星沙,0,11349
6,97.0,33,岳麓,0,12164
5,78.0,35,岳麓,0,15384
7,136,18,雨花,1,10882
7,144.0,33,开福,1,11250
3,40.0,30,岳麓,0,9000
6,96.0,33,星沙,0,8333
5,92.0,33,星沙,0,6826
7,125.0,30,雨花,0,9440
7,89.0,28,雨花,0,12359
8,193.0,30,雨花,0,8704
5,65.0,28,雨花,0,11846
7,108.0,18,雨花,1,10185
7,123.0,32,岳麓,0,15447
7,115.0,11,长沙周边,0,7200
6,89.0,18,开福,1,11797
7,138.0,33,开福,1,9492
3,35.0,11,雨花,0,13714
7,125.0,6,雨花,1,9840
4,37.76,21,芙蓉,1,16419
7,122.0,5,芙蓉,1,14344
5,77.0,34,岳麓,0,6493
5,63.0,7,天心,1,9492
7,120.0,32,星沙,0,6833
7,139,33,雨花,1,12589
7,138.0,18,雨花,1,11449
5,71.0,6,岳麓,1,8591
7,131.56,15,岳麓,1,8589
5,78,6,岳麓,1,9102
7,108.0,32,星沙,0,8888
7,100.0,18,雨花,0,10600
5,76.5,18,开福,1,11633
7,117.0,6,天心,0,6666
5,80.0,7,芙蓉,1,8125
6,89.0,9,天心,0,7640
6,89.0,6,天心,0,4921
6,74.13,7,芙蓉,1,9415
10,108.0,7,芙蓉,1,9259
7,126.0,18,雨花,1,10714
6,89.0,18,岳麓,0,14157
6,92.0,7,雨花,0,7065
7,112.0,34,芙蓉,1,13392
8,144,11,雨花,0,9583
10,413.0,3,天心,0,14043
10,188.0,5,天心,1,17819
6,92.0,17,雨花,0,10326
4,87.0,30,芙蓉,1,8022
3,60.0,29,芙蓉,1,11633
3,62.0,30,雨花,0,9677
7,111.0,6,岳麓,0,8990
7,130.0,35,雨花,0,9000
7,136.0,32,芙蓉,1,13088
6,80,33,岳麓,1,11000
8,130.82,36,芙蓉,1,14141
3,39.0,32,星沙,0,7435
6,89.0,33,星沙,0,8292
5,73.0,6,雨花,0,8493
3,63.0,32,星沙,0,6666
6,103.0,32,天心,1,12407
5,82.0,17,岳麓,1,9634
2,61.0,29,天心,1,10000
6,88.0,33,岳麓,0,11704
8,151.0,17,岳麓,0,16423
8,132.0,30,星沙,0,7712
6,99.0,6,雨花,0,8080
6,99.0,18,星沙,0,8282
7,126.0,18,天心,0,9031
9,193.0,6,天心,1,9067
6,86,28,星沙,0,7441
5,56.0,18,雨花,0,9285
7,123.0,18,星沙,0,7138
7,114.0,18,天心,0,7000
7,143.0,6,星沙,0,9300
7,130.0,21,开福,0,10769
6,88.0,32,开福,1,12727
3,40.0,31,雨花,1,8000
7,130.0,18,雨花,0,12692
9,120.0,17,雨花,0,8316
6,128.0,18,开福,1,12500
7,89.08,33,芙蓉,0,9205
4,35.0,30,雨花,1,13714
7,119.0,33,岳麓,1,12436
8,148.0,7,岳麓,0,23310
6,102.0,25,芙蓉,1,10784
5,93.0,18,雨花,0,10215
5,95.0,30,开福,1,16842
7,137.0,7,芙蓉,1,6569
5,100.0,32,开福,0,9800
6,90.0,27,天心,1,11666
8,160.0,7,开福,0,10937
7,114.0,12,天心,1,12105
13,317.0,4,岳麓,0,9148
6,89.0,18,天心,0,8539
4,56.0,6,雨花,0,6875
8,157.0,11,开福,1,8917
3,41.0,15,雨花,0,7756
6,102.0,7,雨花,0,8627
5,90.0,18,长沙周边,0,9555
3,41.0,17,开福,1,11951
9,175.0,32,岳麓,0,7142
5,78.65,33,星沙,0,7501
6,91.0,11,岳麓,0,12637
6,78.0,7,芙蓉,0,9615
3,51.4,4,雨花,0,8171
7,136.0,11,雨花,1,11617
7,123.0,22,雨花,1,12910
7,156.0,29,雨花,1,10769
6,88.0,22,芙蓉,1,12136
5,92.0,30,雨花,1,11413
5,118.22,33,芙蓉,1,11842
5,72.0,31,雨花,1,10416
5,80.0,9,天心,0,6000
5,79.0,16,天心,0,8037
7,100.0,7,雨花,0,8400
12,317.0,1,星沙,0,14984
5,89.0,28,星沙,0,7056
8,208.0,1,雨花,1,16250
8,172.0,33,雨花,1,18895
6,96.0,25,星沙,0,8645
9,126.0,20,岳麓,0,9349
8,140.0,17,天心,1,8285
7,101.0,7,雨花,0,7326
6,97.0,7,雨花,0,7731
7,121.0,7,雨花,0,7603
7,119.0,7,雨花,0,7478
6,93.0,7,雨花,0,7935
7,104.0,6,雨花,0,8269
8,136.0,33,岳麓,0,11691
27,477.0,7,星沙,0,6285
7,120.0,34,岳麓,0,9833
7,113.0,33,岳麓,0,11053
8,125.0,33,岳麓,0,10400
7,128.0,11,雨花,1,10156
6,91.0,17,岳麓,0,10417
7,122.0,32,岳麓,0,15573
7,115.0,33,岳麓,0,15652
8,150.0,6,岳麓,0,15333
3,51.09,32,岳麓,0,9982
7,125.0,1,星沙,0,7584
8,94.0,7,雨花,0,9765
8,154.0,24,雨花,0,9220
5,80.0,30,雨花,0,10000
7,135.0,33,开福,1,10488
4,67.0,15,雨花,1,9552
6,92.0,31,雨花,0,11086
6,100.0,6,雨花,0,6600
8,154.0,33,雨花,0,13311
7,117.0,32,星沙,0,7692
7,136,11,雨花,1,11617
8,140.0,6,雨花,1,20428
7,141.0,32,雨花,1,11205
9,128.0,10,雨花,1,11328
7,142.44,27,雨花,0,8073
6,90.0,6,开福,1,11111
8,153.0,11,长沙周边,0,6209
8,158.0,18,天心,1,8860
7,158.0,22,天心,1,12658
7,130.0,30,天心,1,13000
5,90.0,17,开福,1,12444
8,120.0,32,长沙周边,0,7483
7,128.0,18,长沙周边,0,6937
6,116.0,25,星沙,0,7482
3,51.0,36,岳麓,0,15882
10,220.0,6,天心,0,4909
4,60.0,6,天心,1,6833
6,88.0,30,星沙,0,8636
3,61,23,芙蓉,1,9180
5,82.0,26,天心,1,9121
7,122.0,28,岳麓,1,10327
5,93.0,17,雨花,0,10193
7,103.0,32,岳麓,0,7184
6,108.0,34,岳麓,0,6666
6,122.0,28,雨花,0,11639
6,82.0,22,岳麓,0,12804
6,90.0,18,雨花,0,9866
5,83.0,18,岳麓,0,9614
7,113.0,18,岳麓,0,11150
5,80.0,20,雨花,0,8975
4,79.0,27,雨花,1,12405
3,53.0,33,雨花,1,9811
9,260.0,39,开福,1,11346
5,78.0,34,岳麓,0,6397
6,90.23,6,岳麓,0,10173
6,82.0,18,芙蓉,0,10000
3,38.0,26,岳麓,0,9210
6,112.0,9,星沙,0,8214
7,162.27,14,天心,1,10168
9,238.0,4,开福,0,10835
5,75.0,7,雨花,1,7733
4,41.0,21,雨花,1,11902
6,97.0,8,天心,1,8226
8,142.0,18,雨花,0,10070
7,176.0,6,开福,0,5670
5,99.0,12,岳麓,0,9595
9,119.0,6,雨花,0,9815
3,50.0,32,芙蓉,1,11000
7,112.0,33,芙蓉,0,14732
5,75.0,30,芙蓉,1,11466
7,136.0,18,雨花,1,11029
7,138.0,18,雨花,1,10420
5,76.0,33,星沙,0,6907
7,140.0,27,雨花,0,13214
10,179,11,岳麓,1,8268
5,89.68,28,雨花,0,9567
5,87.1,22,岳麓,1,13777
5,80.7,33,星沙,0,7905
6,81.0,27,星沙,0,9753
7,136.0,31,星沙,0,8294
8,80.0,30,星沙,0,9975
5,83.0,28,岳麓,0,10096
5,84.68,28,星沙,0,6943
7,95.0,28,岳麓,0,11052
6,90.0,7,芙蓉,0,9555
5,88.0,6,星沙,0,5204
12,413.0,2,天心,0,12106
6,100.0,18,雨花,0,12000
9,245,1,岳麓,0,8979
8,155.0,33,开福,1,12129
12,278.0,3,岳麓,0,9172
5,80.0,24,芙蓉,0,9600
6,89.0,33,星沙,0,8179
5,98.0,32,星沙,0,7959
5,88,17,岳麓,1,11000
5,75.0,32,芙蓉,1,11733
5,92.0,7,芙蓉,1,8478
5,91.0,34,芙蓉,0,10439
8,140.0,28,芙蓉,0,11285
5,77.0,32,星沙,0,8961
8,135.0,24,星沙,0,10074
5,88.0,18,星沙,0,6931
7,136.0,7,开福,0,6617
7,120.0,23,开福,1,11500
7,134.54,6,岳麓,0,8176
7,141.0,26,雨花,0,9078
6,136.0,28,天心,1,9558
6,89.68,30,开福,0,13135
3,35.0,28,天心,1,9142
6,88.0,32,星沙,0,7931
8,168.0,5,星沙,0,12500
7,114.0,18,开福,1,12350
7,122.0,32,开福,1,13114
6,89.0,18,雨花,0,11573
8,147.0,30,岳麓,0,13945
5,80.0,7,雨花,0,8500
5,85.0,32,芙蓉,1,13176
3,48.0,15,芙蓉,1,8916
5,94.0,26,星沙,0,7978
8,152.5,18,长沙周边,0,5114
5,70.0,7,天心,1,8428
5,90.0,7,芙蓉,1,9622
7,130.0,19,雨花,0,10000
7,147.0,6,岳麓,0,18027
7,142.0,10,天心,1,10422
5,83,18,岳麓,0,9253
7,138.0,18,雨花,0,8405
8,140.0,25,雨花,1,9142
6,90.0,22,雨花,1,12000
6,75.0,28,星沙,0,9040
7,126,32,星沙,0,7936
7,119.0,29,雨花,0,10252
7,142.0,6,长沙周边,0,5338
7,112.0,31,雨花,0,9732
7,136.0,17,雨花,1,10882
8,131.0,21,芙蓉,0,10610
7,126.0,34,岳麓,1,13873
6,87.0,34,岳麓,0,10344
7,110.0,32,岳麓,1,11545
10,234.0,4,望城,0,9829
8,150.0,32,岳麓,1,10133
7,115.0,17,雨花,1,10956
7,126,18,雨花,1,9523
5,94.0,28,开福,1,10957
4,41.0,30,雨花,1,10243
6,95.0,6,雨花,0,8000
7,120.0,6,望城,0,4750
8,160.0,18,雨花,1,8937
5,84.0,28,雨花,0,9047
5,68.0,8,开福,0,9088
6,90.0,28,岳麓,0,8888
6,104,32,开福,0,14423
5,110.0,8,开福,0,8800
10,286.0,3,岳麓,0,11188
12,344.0,3,岳麓,0,13081
13,403.0,1,望城,0,15334
7,96.0,25,望城,0,7895
7,127.0,11,望城,0,5905
5,87.0,29,岳麓,0,9425
7,120.0,32,岳麓,0,12500
8,133.0,25,岳麓,0,10210
6,101.0,6,雨花,0,8415
7,103.0,6,雨花,0,7087
8,148.0,11,雨花,0,9797
3,38.92,15,开福,1,8735
7,134,30,开福,0,11567
5,70.0,8,开福,0,9000
5,76.0,28,岳麓,1,12105
8,76.0,7,芙蓉,0,8552
6,92.0,17,雨花,0,10000
7,139.0,39,开福,1,17266
5,89.0,22,开福,1,10674
7,138,16,雨花,0,9637
6,120.0,7,雨花,0,8333
8,160.0,12,芙蓉,1,10937
7,93.0,17,芙蓉,0,10193
3,42.0,24,雨花,1,9714
7,131.0,20,雨花,1,12213
8,141,48,岳麓,0,15602
5,78.9,18,长沙周边,0,5323
7,130.0,28,长沙周边,0,4600
5,78.0,33,岳麓,0,17307
6,85.0,18,岳麓,0,14470
6,88.0,32,岳麓,0,13977
6,93.0,33,岳麓,0,17741
3,43.0,28,雨花,0,10465
9,200.0,43,开福,1,12250
3,2759.0,3,星沙,0,7249
8,165.0,22,长沙周边,0,6545
7,134.0,6,芙蓉,1,6119
6,101.0,6,长沙周边,0,5524
5,75.0,7,雨花,0,8133
5,88.0,7,芙蓉,0,8181
5,98.0,18,开福,0,11612
7,138.0,8,雨花,0,6521
5,90.0,28,岳麓,0,10111
7,135.0,11,开福,1,10962
6,106.0,6,星沙,0,5075
8,131.0,34,芙蓉,1,13740
6,91.0,17,天心,1,11868
7,142.0,21,长沙周边,0,4704
5,84.0,6,雨花,1,7595
3,122.0,18,星沙,0,13114
7,133.0,11,雨花,0,7894
8,168.0,32,雨花,1,15773
7,115.0,17,天心,1,10608
6,90.0,30,雨花,1,12755
10,220.0,12,芙蓉,0,9990
8,163.0,17,雨花,1,12883
6,105.0,7,雨花,0,8095
3,42.0,7,雨花,1,7857
6,118.0,7,雨花,0,7457
5,84.0,28,星沙,0,7380
6,97.0,7,开福,1,10288
3,43.0,28,雨花,0,9953
5,87.0,7,芙蓉,0,8390
7,141.0,30,岳麓,0,11914
5,69.0,7,雨花,0,9536
6,105.0,6,岳麓,0,7219
7,110,18,岳麓,0,8254
7,88.0,7,雨花,0,8522
6,88.0,24,开福,1,13068
9,137.0,23,望城,0,9489
6,89.0,32,岳麓,0,11573
7,90.35,17,天心,1,10514
7,125.0,6,岳麓,1,7744
5,83.0,28,岳麓,0,8469
6,94.0,7,雨花,0,7234
7,118.0,21,长沙周边,0,7525
10,201.0,3,天心,1,12189
7,133.0,32,开福,1,9473
7,136.0,31,星沙,0,8455
5,78.0,15,岳麓,0,8717
7,137.0,6,星沙,0,6423
7,119.0,33,开福,1,10756
7,85.0,32,星沙,0,8352
7,117.0,18,开福,1,10256
7,74.0,39,开福,1,16216
6,84,7,芙蓉,1,8571
5,83.0,31,长沙周边,0,6000
5,93.0,17,雨花,0,8602
8,163.0,6,雨花,0,7975
3,46.0,26,天心,1,14130
12,420.0,4,长沙周边,0,9523
7,98.0,33,岳麓,0,12755
8,145,15,岳麓,0,12413
7,142.0,33,开福,1,12676
7,133.0,13,雨花,1,9924
6,95.5,18,岳麓,0,12146
7,114.0,19,长沙周边,0,5859
5,88.0,32,星沙,0,7500
8,123.0,7,芙蓉,1,7723
7,132,32,岳麓,0,9545
5,90.0,14,天心,1,8222
8,160.0,9,开福,0,11125
7,119.0,33,岳麓,0,14285
5,91,30,岳麓,0,15494
12,365.0,3,岳麓,0,10000
10,261.0,4,望城,0,11340
6,90.0,34,雨花,0,13555
10,260.0,2,雨花,0,15384
10,311,3,岳麓,0,12540
7,141.0,32,星沙,0,9219
7,122.0,11,岳麓,0,8442
7,138.0,5,星沙,0,10869
7,118.0,25,星沙,0,8983
3,52.0,18,芙蓉,1,8846
2,273.0,28,芙蓉,0,19047
5,54.0,32,芙蓉,0,11111
6,84.0,7,芙蓉,1,8785
2,160.0,28,芙蓉,0,20312
13,275.0,6,雨花,1,11272
7,124.0,23,芙蓉,0,6693
5,88,17,岳麓,1,10113
11,235.0,3,岳麓,0,12723
5,86,16,雨花,0,8372
6,86.0,21,天心,1,11162
7,119.0,19,长沙周边,0,5613
10,243.0,7,雨花,0,6172
7,126.0,30,芙蓉,0,10317
7,135.0,17,开福,1,10962
9,138.0,11,岳麓,0,10869
7,106.0,45,开福,1,17735
11,310.0,4,长沙周边,0,9032
7,136.0,18,望城,0,9411
5,79.0,32,开福,0,12911
7,142.0,4,天心,0,10267
5,80.0,7,芙蓉,1,7875
3,47.0,22,开福,0,6382
4,43.0,32,岳麓,1,11162
3,45.0,25,天心,1,11777
7,92.0,33,芙蓉,1,12826
8,165.0,26,雨花,1,9696
7,122.0,31,星沙,0,9836
7,144.82,25,开福,0,9805
7,109.0,33,岳麓,1,12477
7,134.0,25,星沙,0,7014
6,80.0,33,开福,0,9500
7,128.0,7,雨花,0,9218
5,73.0,31,星沙,0,7095
6,99.0,20,芙蓉,1,10707
7,122.0,30,开福,1,11065
8,125.0,33,雨花,1,11760
5,88.0,11,天心,1,9659
7,125.0,18,长沙周边,0,6384
5,89.0,6,芙蓉,0,8988
6,88.0,17,天心,0,7818
6,89.0,33,开福,1,12359
6,91.0,6,岳麓,0,10109
3,48.0,25,开福,1,8541
5,81.0,24,芙蓉,0,9629
6,90.0,18,天心,0,8755
7,108.0,8,长沙周边,0,6203
8,188.0,17,雨花,1,6117
7,128.0,33,岳麓,0,8750
8,160.0,6,开福,0,9125
5,60.0,32,天心,1,10333
7,134,30,芙蓉,0,9328
7,141,18,天心,1,8921
7,142.0,11,星沙,0,7605
3,30.0,30,雨花,0,8333
8,157,33,开福,1,12420
6,110.0,33,长沙周边,0,6454
6,135.0,18,岳麓,0,12592
7,130.0,6,长沙周边,0,3830
7,124.0,18,星沙,0,10887
7,128.0,34,岳麓,0,8437
7,109.0,8,望城,0,6055
6,87.0,12,天心,1,10114
7,119.0,24,芙蓉,1,9747
5,74.0,7,芙蓉,1,8351
8,154,16,雨花,0,11558
7,76.0,7,芙蓉,1,9736
3,41.0,29,岳麓,0,11926
7,109.0,7,芙蓉,0,7321
7,110.0,17,芙蓉,1,11072
8,78,6,芙蓉,0,8974
11,273.0,12,雨花,0,7692
8,161.0,6,天心,0,13354
7,108.0,8,长沙周边,0,6481
7,125.0,34,岳麓,0,6960
7,91.0,33,岳麓,0,9010
7,141.0,8,望城,0,6950
6,100.0,19,芙蓉,1,14500
6,90.0,24,岳麓,0,12777
7,136.0,17,雨花,0,10294
8,163.0,7,天心,1,7975
6,96.0,32,星沙,0,7479
9,300.0,39,开福,1,12266
8,152,11,芙蓉,0,11105
5,91.17,18,岳麓,1,11187
5,82.0,9,星沙,0,7682
7,101.0,33,星沙,0,7900
7,127.0,17,岳麓,0,11811
7,133,13,雨花,1,10150
8,130.0,18,雨花,0,11000
6,128.0,7,芙蓉,0,9375
8,163.0,18,雨花,0,8515
7,129.0,18,开福,0,10465
3,52.0,30,芙蓉,0,7500
12,530.0,2,岳麓,0,14716
15,289.0,4,星沙,0,15570
7,131.0,33,开福,1,11679
7,144.0,33,开福,1,9166
8,158.0,5,天心,1,22151
6,100.13,28,星沙,0,11984
3,62.0,30,芙蓉,1,11774
7,100,21,芙蓉,1,10200
7,130.0,17,开福,1,10461
7,142.0,33,开福,1,10563
5,60.0,6,芙蓉,1,10000
3,33.0,26,岳麓,0,9090
4,58.0,7,天心,1,8931
12,313.0,3,天心,1,10159
5,85.0,33,芙蓉,1,10588
4,75.0,7,雨花,1,7306
6,93.7,7,雨花,1,9699
22,806.0,7,芙蓉,1,6947
5,68.0,7,雨花,1,8205
9,273.0,4,岳麓,0,10256
5,89.0,33,长沙,0,9662
15,390.0,3,岳麓,0,11743
10,248.0,12,天心,1,13104
5,86.0,33,星沙,0,7151
7,130.0,9,星沙,0,9384
6,85.0,28,星沙,0,7647
8,130.0,17,天心,0,9076
5,80.0,11,天心,1,8750
8,181.0,15,雨花,0,11160
10,208.0,4,岳麓,0,12980
8,162.0,6,雨花,0,8024
7,120,28,岳麓,1,10500
7,119.0,30,星沙,0,8907
5,90.0,18,雨花,0,10888
3,43.0,27,岳麓,1,11000
7,132.0,18,雨花,1,12878
5,81.0,33,岳麓,0,12345
5,80.0,6,雨花,0,8375
6,93.0,28,雨花,0,11827
7,92.0,31,雨花,0,11413
7,121,26,岳麓,1,10578
7,126.0,25,芙蓉,1,8571
7,118.0,15,岳麓,0,10338
6,89.0,28,雨花,0,9865
7,165.0,18,雨花,1,9696
5,85.0,29,雨花,1,9764
7,138.1,11,长沙周边,0,6502
7,139.0,33,雨花,1,12805
6,91.0,12,岳麓,0,12747
7,118.0,29,雨花,0,9491
7,142,18,雨花,0,9014
8,160.0,19,岳麓,0,12362
5,88.2,24,星沙,0,8707
3,32.0,25,岳麓,0,10000
6,94.0,20,芙蓉,0,6361
5,85.0,33,星沙,0,6941
9,185.0,4,雨花,0,10702
7,124.0,32,星沙,0,8467
6,90.0,28,岳麓,0,9111
7,145.0,18,雨花,0,7931
8,163.0,15,雨花,0,8895
8,140.0,26,岳麓,0,6428
7,126.0,20,岳麓,1,10714
5,83.0,24,天心,1,11445
3,43.32,19,雨花,1,11265
6,95.31,18,岳麓,0,12065
5,88.0,7,雨花,0,8636
9,172.0,33,开福,1,11337
6,110.0,17,岳麓,0,10181
7,132.0,6,雨花,1,11348
7,122.0,18,天心,1,9836
8,120.0,11,岳麓,0,11000
8,180.0,8,雨花,1,7888
8,157.0,32,雨花,1,18343
3,52.0,30,天心,1,13461
7,136.0,22,岳麓,0,14338
7,137.0,11,雨花,1,11094
5,92.0,26,岳麓,0,13586
6,91.0,28,岳麓,0,14065
8,148.0,38,开福,1,11148
8,157.87,6,长沙周边,0,3091
8,150.0,33,开福,1,11333
5,80.0,33,岳麓,0,8600
8,146.0,6,雨花,0,6849
6,93.0,28,芙蓉,1,10537
9,236.0,25,雨花,1,13135
5,89.0,25,雨花,1,10674
5,88.0,17,天心,0,7818
3,62.0,32,岳麓,1,9677
3,48.0,28,开福,1,14375
7,119.0,11,雨花,0,9915
8,141.0,33,岳麓,0,6950
7,132.0,6,岳麓,1,10303
7,156.0,32,雨花,1,21153
5,73.0,8,岳麓,0,12328
6,89.0,15,岳麓,0,14382
5,91,27,雨花,0,10000
8,140,17,雨花,0,7128
8,145.0,32,开福,0,13103
12,369.0,32,开福,0,11653
11,234.0,6,开福,1,9316
4,88.0,35,雨花,1,12840
5,116.0,23,雨花,1,8620
8,127.0,18,雨花,0,10000
6,91.0,11,开福,1,11538
8,163,11,雨花,1,10122
5,82.0,7,雨花,0,6707
7,120.0,7,雨花,1,7500
8,156.0,4,望城,0,8205
11,376.0,2,岳麓,0,12180
5,90.46,18,星沙,0,7185
7,117.28,33,开福,1,11510
7,113,6,天心,1,9557
8,150.0,23,开福,1,10666
5,89.0,33,星沙,0,7977
6,90,31,天心,1,12422
7,119.0,33,星沙,0,10084
6,90.0,28,岳麓,1,9888
6,106.34,32,星沙,0,8275
6,86.0,28,星沙,0,7534
8,170.0,30,天心,0,11764
4,76.0,30,开福,0,12105
7,125.0,27,雨花,0,13200
6,87.0,17,雨花,1,11011
6,88.0,7,芙蓉,1,7727
8,156.0,32,雨花,1,12807
6,89.0,28,星沙,0,8595
8,158.0,18,岳麓,0,8860
4,69.0,30,芙蓉,1,12318
8,180.0,6,星沙,0,5000
7,136.0,30,星沙,0,8455
5,79,31,星沙,0,7949
5,90.0,28,岳麓,0,7777
7,133.0,18,雨花,1,12472
7,133.0,18,雨花,1,13157
7,143.0,14,雨花,0,10131
7,115.0,5,雨花,0,7982
9,166.0,6,雨花,0,8968
5,58.0,32,雨花,0,10151
7,136.0,17,雨花,0,9558
6,92.0,7,芙蓉,1,7717
7,135.0,33,开福,1,11555
5,81.0,7,芙蓉,1,8246
9,165.0,17,天心,0,12424
6,86.0,7,雨花,0,8930
8,149.0,33,开福,1,11073
7,118.0,18,天心,1,13220
6,141.0,30,雨花,1,11205
7,119.0,33,星沙,0,10252
6,90.0,11,岳麓,0,11088
7,123.0,11,星沙,0,7317
8,156.0,33,开福,1,11217
8,138.0,11,长沙周边,0,7014
5,95.0,31,长沙周边,0,5052
6,88.0,31,岳麓,0,13181
5,81.0,18,岳麓,0,11851
7,120.0,18,雨花,0,9000
8,145.0,19,雨花,0,8543
6,91.0,9,天心,0,8109
8,156.0,33,开福,1,11025
7,145.0,33,开福,1,9103
7,156.0,23,开福,1,12820
8,137.0,17,开福,0,10802
8,158.0,12,雨花,0,9177
8,163.0,6,长沙周边,0,3558
7,102.0,33,星沙,0,8823
5,89.0,28,开福,1,12247
7,136.0,33,星沙,0,8455
6,97.0,33,开福,1,11546
8,213.0,15,天心,0,14084
5,88.0,23,天心,1,12272
3,48.0,33,芙蓉,0,6041
7,140.0,33,开福,1,12071
7,132.0,17,岳麓,1,7727
7,144.0,11,天心,1,11458
6,112.0,33,开福,1,10625
7,117.0,33,开福,1,12393
7,121.0,32,雨花,1,21900
7,120.0,33,开福,1,10416
7,135.0,27,芙蓉,0,8429
3,40.77,13,天心,1,8584
5,100.0,18,雨花,0,8800
6,90.0,11,开福,0,10222
7,133.0,33,开福,1,11654
5,72.4,18,长沙周边,0,6906
7,115.0,6,长沙周边,0,5460
7,123.1,7,长沙周边,0,3899
5,90.0,7,芙蓉,0,7777
3,41.0,29,开福,1,13634
3,53.0,29,望城,0,7339
5,68.0,9,开福,1,10588
5,73.0,34,开福,1,15342
7,115.0,33,岳麓,0,15217
10,266,3,岳麓,0,7706
6,73.0,39,开福,1,19041
6,91.0,34,雨花,1,13076
6,90.0,34,雨花,1,9555
7,108.0,30,星沙,0,8148
7,145.0,13,雨花,1,9172
5,78.0,33,岳麓,0,16410
8,137.0,33,岳麓,0,13503
6,100.4,25,雨花,0,9960
7,112.0,7,雨花,1,9285
5,66.0,6,雨花,0,8484
7,142,26,雨花,0,9718
16,610.0,3,长沙周边,0,7344
6,102.0,7,芙蓉,0,8431
8,128.0,32,岳麓,0,7031
5,81.0,33,星沙,0,7876
5,75.0,6,星沙,0,9333
6,89.0,26,天心,0,8292
8,159.0,6,望城,0,4641
7,129.0,19,长沙周边,0,6108
3,41.0,27,开福,1,13170
5,86.0,7,岳麓,0,8720
7,130.0,18,星沙,0,7138
3,40.0,33,开福,1,12000
6,103.0,25,岳麓,1,9223
7,127.0,7,芙蓉,1,6299
6,94.0,6,长沙周边,0,4765
5,91.0,23,开福,1,10989
11,400.0,1,雨花,0,21250
4,71.0,30,芙蓉,1,11971
5,92.0,25,芙蓉,1,11717
5,89.0,33,开福,1,9977
6,96.0,26,芙蓉,1,9166
10,246.0,4,星沙,0,16178
9,293.0,19,雨花,0,12969
5,88.0,24,雨花,0,9409
7,127.0,11,岳麓,1,9448
7,150.0,18,雨花,0,8666
7,98.0,18,雨花,0,11734
5,66.0,6,雨花,0,8606
8,185.0,17,天心,1,14054
8,145.0,33,芙蓉,0,11379
7,132.0,33,岳麓,0,10227
5,91,27,天心,1,10989
7,121.0,7,雨花,0,7685
6,98.0,18,雨花,0,11020
3,52.0,23,雨花,1,10923
3,41.0,23,雨花,1,11707
5,108.0,11,雨花,1,10925
5,91.0,18,岳麓,0,12967
6,125.0,9,雨花,0,10400
7,125.0,28,星沙,0,7584
6,102.0,18,星沙,0,7254
6,96.0,33,岳麓,0,15416
5,55.1,11,天心,1,7985
5,88.0,6,星沙,0,4545
7,128.0,12,雨花,0,9218
5,88.0,9,星沙,0,7159
6,80.0,31,星沙,0,11000
7,133.65,11,星沙,0,7631
7,108.0,15,星沙,0,8796
9,205.0,4,岳麓,0,10048
10,234.0,3,望城,0,8547
5,135.8,33,开福,1,11929
6,85.0,11,天心,1,8235
8,120.0,8,雨花,1,15666
11,253.0,3,长沙周边,0,7185
7,131.0,14,芙蓉,1,13190
5,87.0,33,雨花,1,13793
5,95.0,33,开福,1,10421
7,138.0,33,开福,1,11231
8,177.0,18,雨花,0,11186
5,80,15,天心,1,9250
8,176.0,32,开福,0,13636
5,77,33,岳麓,0,17402
5,92,30,岳麓,0,15489
6,88.0,31,岳麓,0,13068
7,127.0,30,星沙,0,7716
11,304.0,3,望城,0,16776
9,183.0,3,长沙周边,0,6830
10,302.0,3,长沙周边,0,8609
10,236,3,岳麓,0,7415
6,122.0,7,芙蓉,1,7786
6,90.0,6,芙蓉,0,6666
6,92.0,12,天心,0,9869
8,132.0,18,雨花,0,11363
10,300,3,岳麓,0,10000
10,311.0,3,岳麓,0,12475
10,540.0,3,岳麓,0,10888
10,311,3,岳麓,0,12508
7,135.0,30,长沙周边,0,5407
5,83.0,28,岳麓,0,10000
3,48.0,26,岳麓,0,8125
7,135.0,31,雨花,1,14814
4,67.0,15,雨花,1,9850
5,88.0,17,天心,0,8159
7,100.0,18,长沙周边,0,7980
7,136.0,32,星沙,0,8455
5,76.0,6,雨花,0,8815
5,76.0,18,开福,1,11842
7,126.0,32,开福,1,12698
5,85.0,30,雨花,0,10117
6,90.0,30,芙蓉,1,13200
8,141.0,18,雨花,0,9078
7,118.0,5,天心,1,10169
7,125.8,11,雨花,1,11923
7,137.0,8,天心,1,10364
8,148.8,33,开福,1,11088
5,70.0,6,雨花,1,9400
7,121.0,18,雨花,0,10330
7,118.0,17,雨花,0,9322
8,156.0,32,星沙,0,10051
12,302.0,54,天心,1,19205
8,183.0,28,岳麓,0,15081
7,110.0,11,岳麓,0,6363
5,90.0,7,长沙周边,0,7422
7,121.2,30,开福,1,11138
3,46.0,29,天心,1,10826
6,86.0,6,芙蓉,0,6162
6,105.0,32,岳麓,1,10952
7,130.0,19,天心,1,9615
6,91.0,19,芙蓉,1,11868
7,136.0,11,天心,1,9838
6,101.0,7,雨花,1,9801
7,129.0,19,岳麓,0,8837
4,62.22,9,开福,1,9643
3,51.0,32,望城,0,6666
7,116.0,18,雨花,0,9310
5,88.0,18,雨花,0,10795
26,135.0,18,开福,1,8296
7,89,33,岳麓,1,12921
5,89.0,33,星沙,0,8314
7,106.0,33,星沙,0,8207
5,94.0,26,星沙,0,8063
7,113.0,31,雨花,1,16814
5,86,33,星沙,0,7209
4,66.0,5,雨花,1,9090
7,122.0,32,望城,0,6147
7,98.0,25,望城,0,4979
6,101.0,33,星沙,0,8217
8,160.0,33,开福,1,11625
12,190.0,6,岳麓,0,4631
5,78.0,31,开福,0,10000
6,92.0,33,岳麓,0,12826
8,195.0,6,岳麓,0,22051
10,334.0,4,雨花,1,19461
3,43.0,32,岳麓,1,10697
7,97.0,33,开福,0,11134
8,164.0,33,开福,1,10304
8,197.0,48,开福,1,20203
6,125.0,7,雨花,1,9600
5,85.0,25,雨花,1,11270
8,277.0,11,岳麓,0,17328
6,88.0,33,岳麓,0,14772
3,48.0,18,雨花,1,10208
7,134.0,12,雨花,0,10074
3,44.0,28,岳麓,0,11363
6,88.0,34,开福,1,14204
5,76,7,雨花,0,7631
5,87.68,32,芙蓉,1,11268
5,90.0,31,雨花,1,9222
3,40.0,17,雨花,1,10000
7,111.2,7,雨花,0,8812
7,133.0,16,天心,1,10210
7,121.0,28,天心,0,10479
7,140.0,18,雨花,1,10714
4,65.0,31,天心,1,11538
5,80.0,6,雨花,0,8125
4,73.0,30,开福,0,10410
7,122.0,32,开福,1,12459
10,183.0,3,星沙,0,25136
5,90.4,28,长沙周边,0,9513
7,125.0,30,长沙周边,0,5584
7,138.0,6,雨花,1,14492
8,122.0,26,雨花,0,11475
6,90,18,岳麓,0,14000
7,120.0,28,雨花,0,10833
6,91.0,18,天心,0,8021
7,120.0,15,天心,0,6983
11,241.0,6,开福,1,10622
7,113.0,31,天心,1,12566
7,102.0,6,长沙周边,0,5470
5,90.0,30,星沙,0,6888
6,90.0,30,星沙,0,7666
6,90.0,31,雨花,1,10000
5,85.0,17,雨花,1,11529
6,118,33,星沙,0,7288
7,117.93,32,星沙,0,7869
10,289,3,岳麓,0,11937
5,55.0,7,天心,1,10872
7,123.0,33,星沙,0,9512
3,48.0,26,岳麓,0,7500
7,120,18,岳麓,1,10500
6,89.0,7,雨花,0,7078
5,94.0,34,星沙,0,7765
5,88.0,32,岳麓,0,9090
5,89.0,30,岳麓,0,10337
8,148.0,18,岳麓,0,12702
7,147,16,雨花,0,10204
5,100.0,30,开福,0,10600
9,119.0,7,雨花,0,9899
5,60.0,29,天心,1,11000
20,510.0,6,星沙,0,4470
5,87.0,6,雨花,0,8712
7,118.0,11,雨花,0,7881
4,70,32,星沙,0,8000
7,119.0,11,雨花,0,10000
8,160,30,雨花,1,13250
6,136.0,31,天心,1,11470
6,85.0,33,雨花,0,12000
7,135.0,24,芙蓉,1,8888
6,88.0,6,芙蓉,0,8238
9,141.64,9,雨花,0,8330
7,113.0,17,天心,1,10000
10,245.0,46,开福,1,19102
8,148.0,6,岳麓,0,15540
5,97.86,32,开福,1,10218
6,95.0,18,岳麓,0,11578
7,125.0,18,天心,1,13040
7,130.0,18,天心,1,13692
7,88.0,8,雨花,0,8636
7,115.0,30,岳麓,0,7373
7,127.0,24,雨花,1,9921
7,134.0,18,岳麓,0,10597
11,283.0,4,星沙,0,11943
5,72.0,19,长沙周边,0,4833
7,128.0,9,天心,0,5468
5,89.0,24,芙蓉,0,7640
7,131.0,33,开福,1,14122
5,88.0,32,雨花,1,12500
6,80.0,7,芙蓉,1,8562
8,149,22,芙蓉,1,10872
7,91.0,11,天心,0,8109
3,47.5,22,雨花,1,10694
7,128.8,23,芙蓉,1,10093
8,147.0,23,芙蓉,1,9238
5,88.0,30,天心,1,11931
6,88.0,33,雨花,1,14545
3,47.0,33,星沙,0,6234
7,113.0,7,天心,1,8123
6,136.0,33,开福,1,11250
8,140.0,26,雨花,0,10357
8,96.0,7,开福,1,10937
7,140.0,15,岳麓,0,19985
6,90.0,34,开福,1,14666
7,128.0,6,芙蓉,1,9531
7,89.0,18,雨花,1,10674
7,137.0,18,雨花,0,8394
7,140.0,8,长沙周边,0,7000
5,46.0,23,雨花,1,11260
7,143.0,4,岳麓,0,14685
7,138.0,24,天心,1,10144
7,130.0,12,雨花,0,9384
7,125.0,34,岳麓,0,8960
4,50.0,18,天心,0,9600
5,95.0,23,芙蓉,1,9684
7,96.0,6,开福,1,11333
9,194.0,17,雨花,1,12010
5,71.0,3,雨花,0,8000
8,135.0,9,雨花,0,10000
3,48.0,33,岳麓,0,7458
5,88,25,芙蓉,1,9090
6,91.0,6,雨花,0,8439
5,91.0,11,开福,0,10769
6,87,12,天心,1,10804
7,120.9,15,星沙,0,7444
7,92.32,31,雨花,0,12218
7,97.0,30,开福,0,11855
11,336.0,4,岳麓,0,11904
5,82.0,17,岳麓,0,9512
7,119.61,6,岳麓,1,9029
6,118.0,18,岳麓,1,11440
7,143.0,18,开福,1,9790
3,52.0,45,开福,1,22115
11,218,3,岳麓,0,9633
10,240.0,4,岳麓,0,10625
6,92.0,33,雨花,0,13043
5,85.0,23,雨花,1,11529
5,90.0,32,雨花,1,10888
6,93.27,32,岳麓,0,16940
5,71.0,30,雨花,0,10281
6,83.0,28,岳麓,0,11445
8,143.0,11,天心,1,9650
7,116.0,6,开福,1,7413
5,78.0,33,岳麓,0,16923
8,103.0,18,雨花,0,19320
7,135.0,12,雨花,0,10000
5,70.0,32,雨花,0,12142
7,122.0,16,芙蓉,1,11475
7,120.0,12,雨花,0,9833
7,145.0,9,雨花,0,10000
7,136.0,18,岳麓,0,14852
7,135.0,24,星沙,0,9777
8,160.0,30,雨花,0,10187
7,127.0,9,天心,0,6299
5,79.0,9,天心,0,6708
5,95.0,33,开福,1,10000
7,189.0,26,天心,1,18518
6,93.0,31,星沙,0,10967
6,92.0,28,雨花,0,11413
11,370.0,18,雨花,1,13513
7,135.0,17,天心,0,6583
6,89.0,15,天心,0,6011
6,88.0,19,天心,0,8727
7,91.0,18,岳麓,0,9450
6,99.0,6,芙蓉,0,9090
7,100,6,芙蓉,0,8800
8,190.0,5,天心,1,15684
5,67.0,6,芙蓉,1,7313
5,56.3,21,芙蓉,1,15630
5,91,20,雨花,0,8021
7,105,22,雨花,0,9238
3,64.0,29,雨花,1,10750
9,175.0,18,岳麓,1,9142
8,131.0,21,芙蓉,0,10305
6,88.0,25,岳麓,0,10795
7,139.0,9,天心,0,6330
5,100.0,6,芙蓉,1,15000
6,41.0,21,雨花,1,13414
5,71.0,8,芙蓉,1,10394
7,123.0,24,岳麓,0,7317
4,81.0,33,天心,1,13333
6,89.0,10,天心,0,6741
8,194.0,39,开福,1,17010
6,107.0,33,星沙,0,9327
7,128.0,32,开福,0,13750
6,91.0,32,开福,0,12087
5,83.0,28,岳麓,0,8433
7,130.0,24,开福,1,12692
6,98.0,7,雨花,1,8959
7,183.0,4,开福,1,15737
7,133.0,10,天心,1,9924
5,82.0,24,芙蓉,0,9268
7,139,26,星沙,0,6402
8,197.0,28,天心,1,12182
11,309.0,6,岳麓,1,10517
5,98.0,33,岳麓,0,7959
3,37.0,30,雨花,0,8810
8,131.0,18,岳麓,0,11832
7,133.0,14,天心,1,10375
4,78.0,33,芙蓉,0,10897
7,120.0,5,开福,0,11666
6,117.0,34,雨花,0,9829
7,118.0,31,雨花,0,9745
3,46.0,33,星沙,0,9304
7,86.0,18,天心,1,10232
7,138,18,雨花,0,10057
7,120.0,18,雨花,0,9583
7,135,17,雨花,0,9777
8,162.0,13,芙蓉,1,9567
4,62.0,6,芙蓉,1,7258
7,129,18,开福,1,13333
7,124.0,25,天心,1,10322
7,114.0,16,雨花,0,9210
4,56.0,32,雨花,0,11035
5,83,33,星沙,0,8192
7,119.68,32,雨花,1,22543
7,103.0,18,天心,1,12621
5,86.0,21,岳麓,1,12674
8,157.0,8,雨花,1,10828
5,90.0,33,星沙,0,7311
7,103.0,33,雨花,0,11165
8,120.0,33,岳麓,0,11250
5,86.0,6,开福,0,7790
7,99.0,7,芙蓉,0,8686
5,88,32,雨花,1,13636
5,90.5,26,岳麓,1,10497
6,90.0,33,芙蓉,0,12000
5,86,28,岳麓,1,10697
6,89.0,30,雨花,0,13258
7,119.0,11,天心,1,10084
7,98.0,18,星沙,0,9163
7,125.0,32,雨花,1,12400
7,98.0,30,天心,1,14285
8,145.0,5,芙蓉,1,14758
6,89.0,18,岳麓,0,7303
7,100.0,18,雨花,0,11500
12,365.0,4,雨花,0,15068
5,88.0,17,雨花,0,8295
4,55.0,25,芙蓉,1,10872
8,142.0,17,雨花,0,9154
5,81.0,24,芙蓉,0,9506
5,93.0,31,星沙,0,7827
7,122,22,天心,0,7786
7,119,8,雨花,0,7394
7,126.0,18,芙蓉,0,9365
8,176.0,18,雨花,0,10909
3,45.0,31,天心,0,13333
7,117.0,6,天心,0,5470
7,115.0,6,雨花,0,9130
5,94.0,28,雨花,1,11170
5,86.0,17,雨花,0,11046
8,131,32,岳麓,0,14885
3,64.0,8,开福,0,9843
7,130.0,6,天心,1,9061
7,130.0,12,雨花,0,8461
8,136.0,33,岳麓,0,13823
3,58.0,33,芙蓉,1,13241
7,130.25,9,天心,0,8675
5,83.0,28,天心,1,11204
7,118.0,18,雨花,1,10847
5,85.0,11,天心,1,8235
6,109.0,25,岳麓,0,9357
7,133.0,32,开福,1,12368
6,103.0,30,开福,1,13203
8,218.0,27,天心,1,8623
7,120.0,6,岳麓,1,8750
7,122.0,18,岳麓,0,8606
6,89.0,20,雨花,0,9887
5,88.0,18,天心,0,9090
7,121.0,25,岳麓,1,9752
5,92,18,雨花,0,9978
7,129.0,16,岳麓,1,10077
7,139.0,34,雨花,0,10935
3,60.16,32,芙蓉,1,11635
7,166.8,17,开福,0,11540
7,127.0,11,开福,1,10000
5,79.0,33,芙蓉,1,15189
11,261,3,岳麓,0,10268
7,122.0,12,芙蓉,0,8688
7,139.0,33,开福,1,12158
5,81.0,18,芙蓉,1,11456
5,80.0,31,星沙,0,8750
3,36.0,38,天心,0,13888
5,65.0,7,雨花,1,8123
4,90.0,33,雨花,1,10422
7,127.5,26,开福,1,10039
7,95.0,32,星沙,0,9684
5,82.0,30,天心,1,11707
5,75.0,31,天心,1,15200
8,138.0,18,雨花,1,9782
14,380.0,3,岳麓,0,9421
7,121.0,18,岳麓,1,9256
7,175.0,30,雨花,1,9142
6,88.0,11,星沙,0,9863
7,129.0,25,开福,1,10542
3,43.0,27,岳麓,1,10930
3,55.0,13,天心,1,8181
4,52.0,9,芙蓉,1,10000
5,89.0,21,天心,1,8966
7,139.0,28,雨花,1,10935
8,117.0,23,天心,0,12649
7,125,7,芙蓉,1,10160
7,135.16,30,岳麓,0,11023
7,127.0,30,天心,1,12204
7,140,18,星沙,0,7057
5,89.0,18,岳麓,1,13483
5,77.0,18,雨花,1,11298
6,89,30,星沙,0,8516
7,140.0,17,雨花,1,13428
3,60.0,19,开福,1,9166
7,147.46,6,岳麓,0,8137
6,80.0,31,芙蓉,0,10250
8,154.0,6,岳麓,0,18701
5,89.64,17,岳麓,1,10263
8,185.0,14,雨花,0,10702
6,95.0,30,雨花,0,11578
7,98.0,7,雨花,0,8040
7,119.0,11,雨花,0,10067
7,123.0,30,开福,1,12195
6,120.0,8,芙蓉,1,6916
5,92.0,32,星沙,0,7608
8,132.0,33,开福,1,12121
7,118.0,26,星沙,0,8135
10,203.0,4,望城,0,8374
7,108,33,雨花,0,12500
5,85.0,29,雨花,0,11270
6,96.0,26,开福,1,11666
7,119.0,30,岳麓,0,12436
7,130.0,18,星沙,0,7230
8,158,33,星沙,0,11392
3,45.0,29,星沙,0,7333
6,88.0,34,开福,1,12727
6,86,18,雨花,0,11395
11,278,3,岳麓,0,9352
8,147.0,18,雨花,0,11904
8,175.0,4,雨花,0,12571
5,92.0,7,芙蓉,1,7826
7,123,33,开福,1,12601
5,89.0,31,星沙,0,7078
7,102.88,32,岳麓,0,6687
7,171.59,30,开福,1,11527
6,89.04,32,开福,1,13027
5,91.0,6,雨花,0,7010
7,118.0,29,星沙,0,7881
8,114.0,33,星沙,0,7192
3,42.0,32,雨花,1,18095
7,90.0,9,岳麓,0,11111
7,122.0,15,芙蓉,1,11721
8,165.0,15,芙蓉,1,7575
7,116.0,19,雨花,0,8189
7,89.0,7,芙蓉,1,9775
7,98.0,7,芙蓉,1,8979
7,134.84,18,天心,1,10975
8,132,17,岳麓,0,9757
5,100.0,30,开福,0,9800
5,92.0,31,雨花,0,9891
3,48.0,24,岳麓,0,10000
6,83.83,1,星沙,0,7395
5,88.0,28,星沙,0,7159
5,92.0,7,芙蓉,1,9000
8,122.65,18,星沙,0,10191
7,133.0,33,星沙,0,6977
4,58.0,6,天心,1,9103
6,95.0,20,天心,0,6610
8,167,11,开福,0,10179
5,88.0,17,天心,0,7500
8,124.0,33,岳麓,0,11693
6,90.0,18,岳麓,1,10000
7,87.0,34,岳麓,0,6436
10,279.5,11,岳麓,0,18604
7,137.0,32,岳麓,0,14963
7,122.61,26,岳麓,0,12315
7,132.0,25,岳麓,0,10454
7,120.0,18,雨花,0,8000
6,128.0,7,雨花,1,7015
3,45.0,5,岳麓,0,19555
5,81.0,27,天心,1,9259
7,120.0,25,雨花,1,10566
7,150.0,33,星沙,0,8666
7,125.0,17,天心,0,8800
6,88.1,33,星沙,0,7945
8,161.0,6,芙蓉,0,13354
5,93.0,32,雨花,0,11075
8,163.0,33,开福,1,15214
5,82.47,17,岳麓,0,9457
7,120.0,18,岳麓,1,9833
6,107.0,34,芙蓉,1,13439
3,43,33,雨花,0,10883
3,51.0,33,天心,1,9803
5,84,7,芙蓉,1,6523
8,133,33,雨花,0,12180
6,98.0,18,星沙,0,7551
4,68,33,芙蓉,1,9705
7,131.0,11,长沙周边,0,6778
11,285.0,4,岳麓,0,10526
7,115.0,8,天心,1,12000
13,300.0,3,望城,0,15666
8,164.0,15,天心,1,8536
5,78.0,18,星沙,0,8564
3,43.5,30,雨花,0,10068
7,135.0,27,芙蓉,1,8740
8,118.0,7,芙蓉,1,8983
8,152.0,12,芙蓉,0,11105
6,100.0,7,雨花,1,7800
7,110.0,9,天心,0,7890
6,101.0,6,岳麓,0,9108
5,75.0,33,星沙,0,7733
5,73.0,33,星沙,0,6712
5,80.0,33,星沙,0,8500
5,89.0,23,星沙,0,8089
5,91.0,32,雨花,0,11868
6,91.08,33,岳麓,0,7136
6,106.0,9,星沙,0,6396
7,93.0,30,雨花,0,11290
7,126.0,11,岳麓,1,9523
7,128.0,17,天心,1,8203
7,132.0,26,开福,1,13636
3,38,32,望城,0,7368
5,91.0,33,雨花,1,12087
7,133.0,13,雨花,1,9774
5,67.0,15,雨花,1,10149
7,125.0,18,星沙,0,6480
12,422.0,3,岳麓,0,10853
8,164.0,17,望城,0,4146
5,89.0,30,岳麓,0,9550
6,100.0,22,星沙,0,9580
6,99.6,26,星沙,0,9317
5,67.0,7,芙蓉,1,7462
7,85.0,11,天心,1,8941
6,92.0,18,开福,0,11086
7,125.0,27,天心,1,8400
8,148.0,15,天心,1,8783
7,140.0,6,星沙,0,5928
7,125.0,33,岳麓,0,11504
6,93.0,11,岳麓,0,12881
5,120.0,8,开福,0,7916
7,121.0,38,开福,1,16528
8,171.0,38,开福,1,17251
7,101.0,38,开福,1,17326
7,136.0,33,开福,1,19117
7,115.0,32,开福,0,12000
7,137.0,11,开福,1,8613
5,92.0,32,开福,1,9347
8,141.0,33,开福,1,9929
7,135.0,35,开福,1,11481
5,75,6,雨花,0,6773
5,86.0,6,开福,0,7558
6,100.0,7,雨花,0,7600
11,208.0,3,岳麓,0,9759
5,78.0,30,岳麓,0,13692
7,162.0,30,岳麓,0,15123
9,158,31,星沙,0,8164
7,137.0,5,岳麓,0,4452
5,90.0,30,雨花,0,11333
7,111,18,岳麓,0,8126
5,82.1,24,天心,1,11693
7,100.0,18,星沙,0,9080
5,95.0,6,雨花,0,7242
7,117.0,22,长沙周边,0,6136
7,110.0,17,长沙周边,0,6345
16,600.0,3,望城,0,13483
7,141.0,30,芙蓉,0,11347
7,131.0,16,岳麓,0,11297
1,48.0,18,雨花,0,8541
7,127.0,7,天心,1,10692
7,124.0,16,天心,1,10387
6,111.0,18,雨花,1,9531
8,119.0,26,雨花,0,12605
7,101.0,7,雨花,1,9801
1,15.0,5,星沙,0,16666
3,46.5,32,开福,1,12688
3,50.16,33,开福,1,23883
5,76.0,7,雨花,1,8789
4,64.0,7,雨花,0,9062
7,140.0,11,天心,1,9557
6,103.0,32,岳麓,0,6407
6,88.0,7,芙蓉,0,7931
7,123.0,17,芙蓉,0,8536
5,101.0,6,长沙周边,0,5524
7,89,18,岳麓,0,14269
6,130.0,7,雨花,0,8307
6,112.0,32,岳麓,0,16053
11,410.0,3,岳麓,0,11902
8,153.0,7,雨花,1,9803
7,120.0,33,星沙,0,9833
7,126.0,32,岳麓,0,15555
3,50.0,30,芙蓉,1,11600
11,198.0,3,星沙,0,23232
9,183.0,2,星沙,0,25136
7,142.0,26,长沙周边,0,4704
7,122.0,33,开福,1,9836
8,180.0,32,开福,0,18833
7,125,7,雨花,0,7040
4,41.0,21,雨花,1,9756
8,158.4,6,岳麓,1,7449
3,30.0,18,雨花,0,9166
6,89.0,18,雨花,0,9303
5,108.0,15,雨花,1,10925
7,115.0,17,雨花,0,10695
5,80.0,6,雨花,0,9000
4,87.0,7,雨花,0,8620
7,103.0,6,雨花,0,7262
7,132.0,8,雨花,0,5984
7,117.69,33,岳麓,0,14444
7,116.0,18,星沙,0,8172
5,82.0,6,雨花,0,9512
5,90.0,22,雨花,0,11444
6,89.0,32,雨花,0,11797
5,87.0,33,芙蓉,0,11494
6,113.0,7,天心,0,7504
7,125.0,9,天心,1,9040
3,49.0,29,雨花,1,13877
6,93.0,33,岳麓,0,16989
5,82.0,18,星沙,0,7865
8,150.0,18,长沙周边,0,5986
3,40.0,32,开福,0,14000
5,77,6,开福,1,8155
12,205.0,3,雨花,1,22682
8,148.6,6,岳麓,0,23418
5,70.0,7,天心,1,9714
7,133.0,32,岳麓,0,7669
5,88.0,18,岳麓,0,8181
5,90.0,18,星沙,0,7977
6,88.0,30,星沙,0,8272
7,119.0,33,岳麓,1,12184
6,90.91,16,芙蓉,1,17038
7,114.0,28,天心,0,10350
9,277.0,6,岳麓,0,6678
6,101.0,18,雨花,0,11386
7,98.0,28,雨花,1,10714
12,196.0,3,开福,0,9183
8,155.6,9,开福,1,10604
6,101.0,18,雨花,0,11465
4,51.0,9,芙蓉,1,10196
4,74.39,28,开福,1,11426
7,144.0,16,开福,0,9930
11,256.0,3,天心,0,7734
8,165,18,雨花,1,10000
11,274.0,4,望城,0,9489
10,245.0,4,岳麓,0,8571
5,66.0,7,天心,1,10151
12,309.0,3,星沙,0,28478
6,95.0,11,天心,1,12842
5,86.0,30,雨花,0,10232
7,140.0,29,芙蓉,0,11428
11,261.0,12,雨花,1,9386
8,140.02,34,岳麓,0,6749
7,110.0,18,岳麓,0,6636
7,128.0,18,天心,1,12890
7,122.0,18,长沙周边,0,7114
10,425.0,2,天心,0,14352
8,135.0,33,岳麓,0,15185
3,25.0,31,天心,0,12400
8,140,32,雨花,1,9428
5,96.0,33,开福,1,10416
10,310.0,3,望城,0,7354
6,97.0,32,岳麓,1,10206
5,90.0,11,开福,1,12444
5,89.0,18,岳麓,1,10202
6,95.0,33,星沙,0,9473
6,98.0,32,天心,1,15102
7,135.0,16,天心,0,8518
9,220.0,9,芙蓉,1,10227
4,66.0,32,雨花,0,12121
6,117.0,32,芙蓉,0,7948
6,92.0,18,岳麓,0,11195
6,90.49,11,岳麓,0,13040
6,105.0,33,岳麓,0,11428
8,136.0,33,岳麓,0,11029
7,120.0,26,开福,0,9583
7,137.0,6,星沙,0,6204
6,85.0,24,岳麓,0,13882
5,92.0,6,雨花,0,7065
8,143.61,34,星沙,0,11489
4,60.0,26,岳麓,0,9833
7,118.0,26,岳麓,1,11440
6,96.0,27,开福,1,13020
7,125.7,35,芙蓉,1,11137
11,336.0,3,雨花,1,12202
8,168.0,11,开福,0,10119
5,78.14,32,芙蓉,1,12541
6,93.0,31,岳麓,0,11612
7,106.0,33,岳麓,1,14000
5,78.0,31,岳麓,0,13333
5,64.0,6,岳麓,0,5937
5,93.0,18,雨花,0,10204
8,158.0,9,天心,1,11392
5,86.0,20,雨花,0,8372
5,88.0,17,天心,0,8181
8,138,33,岳麓,0,6231
6,109.0,20,长沙周边,0,5963
